Time 0
Waiting:(6,10,4);(10,10,4);(14,11,2);(33,11,2);(46,12,3);(3,13,4);(9,13,2);(38,14,3);(45,14,3);(22,15,4);(26,15,3);(2,16,2);(8,17,3);(12,17,3);(49,17,4);(20,18,3);(24,18,3);(27,18,3);(29,18,2);(15,19,3);(1,20,4);(5,21,4);(18,21,4);(34,21,2);(32,22,3);(42,22,2);(4,23,2);(19,23,4);(21,23,3);(28,23,3);(35,23,2);(37,23,3);(39,23,2);(47,23,3);(50,23,2);(23,24,3);(25,24,4);(7,25,2);(13,25,3);(41,25,4);(11,26,4);(48,26,2);(40,27,2);(30,28,2);(31,28,4);(44,28,3);(17,29,2);(36,29,3);(43,29,4);(16,30,4);
Average Waiting Time:20.66
Server 1:closed
Server 2:closed
Time 1
Waiting:(6,10,4);(10,10,4);(14,11,2);(33,11,2);(46,12,3);(3,13,4);(9,13,2);(38,14,3);(45,14,3);(22,15,4);(26,15,3);(2,16,2);(8,17,3);(12,17,3);(49,17,4);(20,18,3);(24,18,3);(27,18,3);(29,18,2);(15,19,3);(1,20,4);(5,21,4);(18,21,4);(34,21,2);(32,22,3);(42,22,2);(4,23,2);(19,23,4);(21,23,3);(28,23,3);(35,23,2);(37,23,3);(39,23,2);(47,23,3);(50,23,2);(23,24,3);(25,24,4);(7,25,2);(13,25,3);(41,25,4);(11,26,4);(48,26,2);(40,27,2);(30,28,2);(31,28,4);(44,28,3);(17,29,2);(36,29,3);(43,29,4);(16,30,4);
Average Waiting Time:20.66
Server 1:closed
Server 2:closed
Time 2
Waiting:(6,10,4);(10,10,4);(14,11,2);(33,11,2);(46,12,3);(3,13,4);(9,13,2);(38,14,3);(45,14,3);(22,15,4);(26,15,3);(2,16,2);(8,17,3);(12,17,3);(49,17,4);(20,18,3);(24,18,3);(27,18,3);(29,18,2);(15,19,3);(1,20,4);(5,21,4);(18,21,4);(34,21,2);(32,22,3);(42,22,2);(4,23,2);(19,23,4);(21,23,3);(28,23,3);(35,23,2);(37,23,3);(39,23,2);(47,23,3);(50,23,2);(23,24,3);(25,24,4);(7,25,2);(13,25,3);(41,25,4);(11,26,4);(48,26,2);(40,27,2);(30,28,2);(31,28,4);(44,28,3);(17,29,2);(36,29,3);(43,29,4);(16,30,4);
Average Waiting Time:20.66
Server 1:closed
Server 2:closed
Time 3
Waiting:(6,10,4);(10,10,4);(14,11,2);(33,11,2);(46,12,3);(3,13,4);(9,13,2);(38,14,3);(45,14,3);(22,15,4);(26,15,3);(2,16,2);(8,17,3);(12,17,3);(49,17,4);(20,18,3);(24,18,3);(27,18,3);(29,18,2);(15,19,3);(1,20,4);(5,21,4);(18,21,4);(34,21,2);(32,22,3);(42,22,2);(4,23,2);(19,23,4);(21,23,3);(28,23,3);(35,23,2);(37,23,3);(39,23,2);(47,23,3);(50,23,2);(23,24,3);(25,24,4);(7,25,2);(13,25,3);(41,25,4);(11,26,4);(48,26,2);(40,27,2);(30,28,2);(31,28,4);(44,28,3);(17,29,2);(36,29,3);(43,29,4);(16,30,4);
Average Waiting Time:20.66
Server 1:closed
Server 2:closed
Time 4
Waiting:(6,10,4);(10,10,4);(14,11,2);(33,11,2);(46,12,3);(3,13,4);(9,13,2);(38,14,3);(45,14,3);(22,15,4);(26,15,3);(2,16,2);(8,17,3);(12,17,3);(49,17,4);(20,18,3);(24,18,3);(27,18,3);(29,18,2);(15,19,3);(1,20,4);(5,21,4);(18,21,4);(34,21,2);(32,22,3);(42,22,2);(4,23,2);(19,23,4);(21,23,3);(28,23,3);(35,23,2);(37,23,3);(39,23,2);(47,23,3);(50,23,2);(23,24,3);(25,24,4);(7,25,2);(13,25,3);(41,25,4);(11,26,4);(48,26,2);(40,27,2);(30,28,2);(31,28,4);(44,28,3);(17,29,2);(36,29,3);(43,29,4);(16,30,4);
Average Waiting Time:20.66
Server 1:closed
Server 2:closed
Time 5
Waiting:(6,10,4);(10,10,4);(14,11,2);(33,11,2);(46,12,3);(3,13,4);(9,13,2);(38,14,3);(45,14,3);(22,15,4);(26,15,3);(2,16,2);(8,17,3);(12,17,3);(49,17,4);(20,18,3);(24,18,3);(27,18,3);(29,18,2);(15,19,3);(1,20,4);(5,21,4);(18,21,4);(34,21,2);(32,22,3);(42,22,2);(4,23,2);(19,23,4);(21,23,3);(28,23,3);(35,23,2);(37,23,3);(39,23,2);(47,23,3);(50,23,2);(23,24,3);(25,24,4);(7,25,2);(13,25,3);(41,25,4);(11,26,4);(48,26,2);(40,27,2);(30,28,2);(31,28,4);(44,28,3);(17,29,2);(36,29,3);(43,29,4);(16,30,4);
Average Waiting Time:20.66
Server 1:closed
Server 2:closed
Time 6
Waiting:(6,10,4);(10,10,4);(14,11,2);(33,11,2);(46,12,3);(3,13,4);(9,13,2);(38,14,3);(45,14,3);(22,15,4);(26,15,3);(2,16,2);(8,17,3);(12,17,3);(49,17,4);(20,18,3);(24,18,3);(27,18,3);(29,18,2);(15,19,3);(1,20,4);(5,21,4);(18,21,4);(34,21,2);(32,22,3);(42,22,2);(4,23,2);(19,23,4);(21,23,3);(28,23,3);(35,23,2);(37,23,3);(39,23,2);(47,23,3);(50,23,2);(23,24,3);(25,24,4);(7,25,2);(13,25,3);(41,25,4);(11,26,4);(48,26,2);(40,27,2);(30,28,2);(31,28,4);(44,28,3);(17,29,2);(36,29,3);(43,29,4);(16,30,4);
Average Waiting Time:20.66
Server 1:closed
Server 2:closed
Time 7
Waiting:(6,10,4);(10,10,4);(14,11,2);(33,11,2);(46,12,3);(3,13,4);(9,13,2);(38,14,3);(45,14,3);(22,15,4);(26,15,3);(2,16,2);(8,17,3);(12,17,3);(49,17,4);(20,18,3);(24,18,3);(27,18,3);(29,18,2);(15,19,3);(1,20,4);(5,21,4);(18,21,4);(34,21,2);(32,22,3);(42,22,2);(4,23,2);(19,23,4);(21,23,3);(28,23,3);(35,23,2);(37,23,3);(39,23,2);(47,23,3);(50,23,2);(23,24,3);(25,24,4);(7,25,2);(13,25,3);(41,25,4);(11,26,4);(48,26,2);(40,27,2);(30,28,2);(31,28,4);(44,28,3);(17,29,2);(36,29,3);(43,29,4);(16,30,4);
Average Waiting Time:20.66
Server 1:closed
Server 2:closed
Time 8
Waiting:(6,10,4);(10,10,4);(14,11,2);(33,11,2);(46,12,3);(3,13,4);(9,13,2);(38,14,3);(45,14,3);(22,15,4);(26,15,3);(2,16,2);(8,17,3);(12,17,3);(49,17,4);(20,18,3);(24,18,3);(27,18,3);(29,18,2);(15,19,3);(1,20,4);(5,21,4);(18,21,4);(34,21,2);(32,22,3);(42,22,2);(4,23,2);(19,23,4);(21,23,3);(28,23,3);(35,23,2);(37,23,3);(39,23,2);(47,23,3);(50,23,2);(23,24,3);(25,24,4);(7,25,2);(13,25,3);(41,25,4);(11,26,4);(48,26,2);(40,27,2);(30,28,2);(31,28,4);(44,28,3);(17,29,2);(36,29,3);(43,29,4);(16,30,4);
Average Waiting Time:20.66
Server 1:closed
Server 2:closed
Time 9
Waiting:(6,10,4);(10,10,4);(14,11,2);(33,11,2);(46,12,3);(3,13,4);(9,13,2);(38,14,3);(45,14,3);(22,15,4);(26,15,3);(2,16,2);(8,17,3);(12,17,3);(49,17,4);(20,18,3);(24,18,3);(27,18,3);(29,18,2);(15,19,3);(1,20,4);(5,21,4);(18,21,4);(34,21,2);(32,22,3);(42,22,2);(4,23,2);(19,23,4);(21,23,3);(28,23,3);(35,23,2);(37,23,3);(39,23,2);(47,23,3);(50,23,2);(23,24,3);(25,24,4);(7,25,2);(13,25,3);(41,25,4);(11,26,4);(48,26,2);(40,27,2);(30,28,2);(31,28,4);(44,28,3);(17,29,2);(36,29,3);(43,29,4);(16,30,4);
Average Waiting Time:20.66
Server 1:closed
Server 2:closed
Time 10
Waiting:(14,11,2);(33,11,2);(46,12,3);(3,13,4);(9,13,2);(38,14,3);(45,14,3);(22,15,4);(26,15,3);(2,16,2);(8,17,3);(12,17,3);(49,17,4);(20,18,3);(24,18,3);(27,18,3);(29,18,2);(15,19,3);(1,20,4);(5,21,4);(18,21,4);(34,21,2);(32,22,3);(42,22,2);(4,23,2);(19,23,4);(21,23,3);(28,23,3);(35,23,2);(37,23,3);(39,23,2);(47,23,3);(50,23,2);(23,24,3);(25,24,4);(7,25,2);(13,25,3);(41,25,4);(11,26,4);(48,26,2);(40,27,2);(30,28,2);(31,28,4);(44,28,3);(17,29,2);(36,29,3);(43,29,4);(16,30,4);
Average Waiting Time:21.104166
Server 1:(6,10,4);
Server 2:(10,10,4);
Time 11
Waiting:(46,12,3);(3,13,4);(9,13,2);(38,14,3);(45,14,3);(22,15,4);(26,15,3);(2,16,2);(8,17,3);(12,17,3);(49,17,4);(20,18,3);(24,18,3);(27,18,3);(29,18,2);(15,19,3);(1,20,4);(5,21,4);(18,21,4);(34,21,2);(32,22,3);(42,22,2);(4,23,2);(19,23,4);(21,23,3);(28,23,3);(35,23,2);(37,23,3);(39,23,2);(47,23,3);(50,23,2);(23,24,3);(25,24,4);(7,25,2);(13,25,3);(41,25,4);(11,26,4);(48,26,2);(40,27,2);(30,28,2);(31,28,4);(44,28,3);(17,29,2);(36,29,3);(43,29,4);(16,30,4);
Average Waiting Time:21.543478
Server 1:(6,10,3);(14,11,2);
Server 2:(10,10,3);(33,11,2);
Time 12
Waiting:(3,13,4);(9,13,2);(38,14,3);(45,14,3);(22,15,4);(26,15,3);(2,16,2);(8,17,3);(12,17,3);(49,17,4);(20,18,3);(24,18,3);(27,18,3);(29,18,2);(15,19,3);(1,20,4);(5,21,4);(18,21,4);(34,21,2);(32,22,3);(42,22,2);(4,23,2);(19,23,4);(21,23,3);(28,23,3);(35,23,2);(37,23,3);(39,23,2);(47,23,3);(50,23,2);(23,24,3);(25,24,4);(7,25,2);(13,25,3);(41,25,4);(11,26,4);(48,26,2);(40,27,2);(30,28,2);(31,28,4);(44,28,3);(17,29,2);(36,29,3);(43,29,4);(16,30,4);
Average Waiting Time:21.755556
Server 1:(6,10,2);(14,11,2);(46,12,3);
Server 2:(10,10,2);(33,11,2);
Time 13
Waiting:(38,14,3);(45,14,3);(22,15,4);(26,15,3);(2,16,2);(8,17,3);(12,17,3);(49,17,4);(20,18,3);(24,18,3);(27,18,3);(29,18,2);(15,19,3);(1,20,4);(5,21,4);(18,21,4);(34,21,2);(32,22,3);(42,22,2);(4,23,2);(19,23,4);(21,23,3);(28,23,3);(35,23,2);(37,23,3);(39,23,2);(47,23,3);(50,23,2);(23,24,3);(25,24,4);(7,25,2);(13,25,3);(41,25,4);(11,26,4);(48,26,2);(40,27,2);(30,28,2);(31,28,4);(44,28,3);(17,29,2);(36,29,3);(43,29,4);(16,30,4);
Average Waiting Time:22.16279
Server 1:(6,10,1);(14,11,2);(46,12,3);(9,13,2);
Server 2:(10,10,1);(33,11,2);(3,13,4);
Time 14
Waiting:(22,15,4);(26,15,3);(2,16,2);(8,17,3);(12,17,3);(49,17,4);(20,18,3);(24,18,3);(27,18,3);(29,18,2);(15,19,3);(1,20,4);(5,21,4);(18,21,4);(34,21,2);(32,22,3);(42,22,2);(4,23,2);(19,23,4);(21,23,3);(28,23,3);(35,23,2);(37,23,3);(39,23,2);(47,23,3);(50,23,2);(23,24,3);(25,24,4);(7,25,2);(13,25,3);(41,25,4);(11,26,4);(48,26,2);(40,27,2);(30,28,2);(31,28,4);(44,28,3);(17,29,2);(36,29,3);(43,29,4);(16,30,4);
Average Waiting Time:22.560976
Server 1:(14,11,2);(46,12,3);(9,13,2);(45,14,3);
Server 2:(33,11,2);(3,13,4);(38,14,3);
Time 15
Waiting:(2,16,2);(8,17,3);(12,17,3);(49,17,4);(20,18,3);(24,18,3);(27,18,3);(29,18,2);(15,19,3);(1,20,4);(5,21,4);(18,21,4);(34,21,2);(32,22,3);(42,22,2);(4,23,2);(19,23,4);(21,23,3);(28,23,3);(35,23,2);(37,23,3);(39,23,2);(47,23,3);(50,23,2);(23,24,3);(25,24,4);(7,25,2);(13,25,3);(41,25,4);(11,26,4);(48,26,2);(40,27,2);(30,28,2);(31,28,4);(44,28,3);(17,29,2);(36,29,3);(43,29,4);(16,30,4);
Average Waiting Time:22.948717
Server 1:(14,11,1);(46,12,3);(9,13,2);(45,14,3);(26,15,3);
Server 2:(33,11,1);(3,13,4);(38,14,3);(22,15,4);
Time 16
Waiting:(8,17,3);(12,17,3);(49,17,4);(20,18,3);(24,18,3);(27,18,3);(29,18,2);(15,19,3);(1,20,4);(5,21,4);(18,21,4);(34,21,2);(32,22,3);(42,22,2);(4,23,2);(19,23,4);(21,23,3);(28,23,3);(35,23,2);(37,23,3);(39,23,2);(47,23,3);(50,23,2);(23,24,3);(25,24,4);(7,25,2);(13,25,3);(41,25,4);(11,26,4);(48,26,2);(40,27,2);(30,28,2);(31,28,4);(44,28,3);(17,29,2);(36,29,3);(43,29,4);(16,30,4);
Average Waiting Time:23.131578
Server 1:(46,12,3);(9,13,2);(45,14,3);(26,15,3);
Server 2:(3,13,4);(38,14,3);(22,15,4);(2,16,2);
Time 17
Waiting:(20,18,3);(24,18,3);(27,18,3);(29,18,2);(15,19,3);(1,20,4);(5,21,4);(18,21,4);(34,21,2);(32,22,3);(42,22,2);(4,23,2);(19,23,4);(21,23,3);(28,23,3);(35,23,2);(37,23,3);(39,23,2);(47,23,3);(50,23,2);(23,24,3);(25,24,4);(7,25,2);(13,25,3);(41,25,4);(11,26,4);(48,26,2);(40,27,2);(30,28,2);(31,28,4);(44,28,3);(17,29,2);(36,29,3);(43,29,4);(16,30,4);
Average Waiting Time:23.657143
Server 1:(46,12,2);(9,13,2);(45,14,3);(26,15,3);(8,17,3);(49,17,4);
Server 2:(3,13,3);(38,14,3);(22,15,4);(2,16,2);(12,17,3);
Time 18
Waiting:(15,19,3);(1,20,4);(5,21,4);(18,21,4);(34,21,2);(32,22,3);(42,22,2);(4,23,2);(19,23,4);(21,23,3);(28,23,3);(35,23,2);(37,23,3);(39,23,2);(47,23,3);(50,23,2);(23,24,3);(25,24,4);(7,25,2);(13,25,3);(41,25,4);(11,26,4);(48,26,2);(40,27,2);(30,28,2);(31,28,4);(44,28,3);(17,29,2);(36,29,3);(43,29,4);(16,30,4);
Average Waiting Time:24.387096
Server 1:(46,12,1);(9,13,2);(45,14,3);(26,15,3);(8,17,3);(49,17,4);(24,18,3);(29,18,2);
Server 2:(3,13,2);(38,14,3);(22,15,4);(2,16,2);(12,17,3);(20,18,3);(27,18,3);
Time 19
Waiting:(1,20,4);(5,21,4);(18,21,4);(34,21,2);(32,22,3);(42,22,2);(4,23,2);(19,23,4);(21,23,3);(28,23,3);(35,23,2);(37,23,3);(39,23,2);(47,23,3);(50,23,2);(23,24,3);(25,24,4);(7,25,2);(13,25,3);(41,25,4);(11,26,4);(48,26,2);(40,27,2);(30,28,2);(31,28,4);(44,28,3);(17,29,2);(36,29,3);(43,29,4);(16,30,4);
Average Waiting Time:24.566668
Server 1:(9,13,2);(45,14,3);(26,15,3);(8,17,3);(49,17,4);(24,18,3);(29,18,2);
Server 2:(3,13,1);(38,14,3);(22,15,4);(2,16,2);(12,17,3);(20,18,3);(27,18,3);(15,19,3);
Time 20
Waiting:(5,21,4);(18,21,4);(34,21,2);(32,22,3);(42,22,2);(4,23,2);(19,23,4);(21,23,3);(28,23,3);(35,23,2);(37,23,3);(39,23,2);(47,23,3);(50,23,2);(23,24,3);(25,24,4);(7,25,2);(13,25,3);(41,25,4);(11,26,4);(48,26,2);(40,27,2);(30,28,2);(31,28,4);(44,28,3);(17,29,2);(36,29,3);(43,29,4);(16,30,4);
Average Waiting Time:24.724138
Server 1:(9,13,1);(45,14,3);(26,15,3);(8,17,3);(49,17,4);(24,18,3);(29,18,2);(1,20,4);
Server 2:(38,14,3);(22,15,4);(2,16,2);(12,17,3);(20,18,3);(27,18,3);(15,19,3);
Time 21
Waiting:(32,22,3);(42,22,2);(4,23,2);(19,23,4);(21,23,3);(28,23,3);(35,23,2);(37,23,3);(39,23,2);(47,23,3);(50,23,2);(23,24,3);(25,24,4);(7,25,2);(13,25,3);(41,25,4);(11,26,4);(48,26,2);(40,27,2);(30,28,2);(31,28,4);(44,28,3);(17,29,2);(36,29,3);(43,29,4);(16,30,4);
Average Waiting Time:25.153847
Server 1:(45,14,3);(26,15,3);(8,17,3);(49,17,4);(24,18,3);(29,18,2);(1,20,4);(18,21,4);
Server 2:(38,14,2);(22,15,4);(2,16,2);(12,17,3);(20,18,3);(27,18,3);(15,19,3);(5,21,4);(34,21,2);
Time 22
Waiting:(4,23,2);(19,23,4);(21,23,3);(28,23,3);(35,23,2);(37,23,3);(39,23,2);(47,23,3);(50,23,2);(23,24,3);(25,24,4);(7,25,2);(13,25,3);(41,25,4);(11,26,4);(48,26,2);(40,27,2);(30,28,2);(31,28,4);(44,28,3);(17,29,2);(36,29,3);(43,29,4);(16,30,4);
Average Waiting Time:25.416666
Server 1:(45,14,2);(26,15,3);(8,17,3);(49,17,4);(24,18,3);(29,18,2);(1,20,4);(18,21,4);(32,22,3);(42,22,2);
Server 2:(38,14,1);(22,15,4);(2,16,2);(12,17,3);(20,18,3);(27,18,3);(15,19,3);(5,21,4);(34,21,2);
Time 23
Waiting:(23,24,3);(25,24,4);(7,25,2);(13,25,3);(41,25,4);(11,26,4);(48,26,2);(40,27,2);(30,28,2);(31,28,4);(44,28,3);(17,29,2);(36,29,3);(43,29,4);(16,30,4);
Average Waiting Time:26.866667
Server 1:(45,14,1);(26,15,3);(8,17,3);(49,17,4);(24,18,3);(29,18,2);(1,20,4);(18,21,4);(32,22,3);(42,22,2);(19,23,4);(28,23,3);(37,23,3);(47,23,3);
Server 2:(22,15,4);(2,16,2);(12,17,3);(20,18,3);(27,18,3);(15,19,3);(5,21,4);(34,21,2);(4,23,2);(21,23,3);(35,23,2);(39,23,2);(50,23,2);
Time 24
Waiting:(7,25,2);(13,25,3);(41,25,4);(11,26,4);(48,26,2);(40,27,2);(30,28,2);(31,28,4);(44,28,3);(17,29,2);(36,29,3);(43,29,4);(16,30,4);
Average Waiting Time:27.307692
Server 1:(26,15,3);(8,17,3);(49,17,4);(24,18,3);(29,18,2);(1,20,4);(18,21,4);(32,22,3);(42,22,2);(19,23,4);(28,23,3);(37,23,3);(47,23,3);(25,24,4);
Server 2:(22,15,3);(2,16,2);(12,17,3);(20,18,3);(27,18,3);(15,19,3);(5,21,4);(34,21,2);(4,23,2);(21,23,3);(35,23,2);(39,23,2);(50,23,2);(23,24,3);
Time 25
Waiting:(11,26,4);(48,26,2);(40,27,2);(30,28,2);(31,28,4);(44,28,3);(17,29,2);(36,29,3);(43,29,4);(16,30,4);
Average Waiting Time:28.0
Server 1:(26,15,2);(8,17,3);(49,17,4);(24,18,3);(29,18,2);(1,20,4);(18,21,4);(32,22,3);(42,22,2);(19,23,4);(28,23,3);(37,23,3);(47,23,3);(25,24,4);(7,25,2);(41,25,4);
Server 2:(22,15,2);(2,16,2);(12,17,3);(20,18,3);(27,18,3);(15,19,3);(5,21,4);(34,21,2);(4,23,2);(21,23,3);(35,23,2);(39,23,2);(50,23,2);(23,24,3);(13,25,3);
Time 26
Waiting:(40,27,2);(30,28,2);(31,28,4);(44,28,3);(17,29,2);(36,29,3);(43,29,4);(16,30,4);
Average Waiting Time:28.5
Server 1:(26,15,1);(8,17,3);(49,17,4);(24,18,3);(29,18,2);(1,20,4);(18,21,4);(32,22,3);(42,22,2);(19,23,4);(28,23,3);(37,23,3);(47,23,3);(25,24,4);(7,25,2);(41,25,4);(48,26,2);
Server 2:(22,15,1);(2,16,2);(12,17,3);(20,18,3);(27,18,3);(15,19,3);(5,21,4);(34,21,2);(4,23,2);(21,23,3);(35,23,2);(39,23,2);(50,23,2);(23,24,3);(13,25,3);(11,26,4);
Time 27
Waiting:(30,28,2);(31,28,4);(44,28,3);(17,29,2);(36,29,3);(43,29,4);(16,30,4);
Average Waiting Time:28.714285
Server 1:(8,17,3);(49,17,4);(24,18,3);(29,18,2);(1,20,4);(18,21,4);(32,22,3);(42,22,2);(19,23,4);(28,23,3);(37,23,3);(47,23,3);(25,24,4);(7,25,2);(41,25,4);(48,26,2);
Server 2:(2,16,2);(12,17,3);(20,18,3);(27,18,3);(15,19,3);(5,21,4);(34,21,2);(4,23,2);(21,23,3);(35,23,2);(39,23,2);(50,23,2);(23,24,3);(13,25,3);(11,26,4);(40,27,2);
Time 28
Waiting:(17,29,2);(36,29,3);(43,29,4);(16,30,4);
Average Waiting Time:29.25
Server 1:(8,17,2);(49,17,4);(24,18,3);(29,18,2);(1,20,4);(18,21,4);(32,22,3);(42,22,2);(19,23,4);(28,23,3);(37,23,3);(47,23,3);(25,24,4);(7,25,2);(41,25,4);(48,26,2);(30,28,2);(44,28,3);
Server 2:(2,16,1);(12,17,3);(20,18,3);(27,18,3);(15,19,3);(5,21,4);(34,21,2);(4,23,2);(21,23,3);(35,23,2);(39,23,2);(50,23,2);(23,24,3);(13,25,3);(11,26,4);(40,27,2);(31,28,4);
Time 29
Waiting:(16,30,4);
Average Waiting Time:30.0
Server 1:(8,17,1);(49,17,4);(24,18,3);(29,18,2);(1,20,4);(18,21,4);(32,22,3);(42,22,2);(19,23,4);(28,23,3);(37,23,3);(47,23,3);(25,24,4);(7,25,2);(41,25,4);(48,26,2);(30,28,2);(44,28,3);(36,29,3);
Server 2:(12,17,3);(20,18,3);(27,18,3);(15,19,3);(5,21,4);(34,21,2);(4,23,2);(21,23,3);(35,23,2);(39,23,2);(50,23,2);(23,24,3);(13,25,3);(11,26,4);(40,27,2);(31,28,4);(17,29,2);(43,29,4);
Time 30
Waiting:
Average Waiting Time:0
Server 1:(49,17,4);(24,18,3);(29,18,2);(1,20,4);(18,21,4);(32,22,3);(42,22,2);(19,23,4);(28,23,3);(37,23,3);(47,23,3);(25,24,4);(7,25,2);(41,25,4);(48,26,2);(30,28,2);(44,28,3);(36,29,3);
Server 2:(12,17,2);(20,18,3);(27,18,3);(15,19,3);(5,21,4);(34,21,2);(4,23,2);(21,23,3);(35,23,2);(39,23,2);(50,23,2);(23,24,3);(13,25,3);(11,26,4);(40,27,2);(31,28,4);(17,29,2);(43,29,4);(16,30,4);
Time 31
Waiting:
Average Waiting Time:0
Server 1:(49,17,3);(24,18,3);(29,18,2);(1,20,4);(18,21,4);(32,22,3);(42,22,2);(19,23,4);(28,23,3);(37,23,3);(47,23,3);(25,24,4);(7,25,2);(41,25,4);(48,26,2);(30,28,2);(44,28,3);(36,29,3);
Server 2:(12,17,1);(20,18,3);(27,18,3);(15,19,3);(5,21,4);(34,21,2);(4,23,2);(21,23,3);(35,23,2);(39,23,2);(50,23,2);(23,24,3);(13,25,3);(11,26,4);(40,27,2);(31,28,4);(17,29,2);(43,29,4);(16,30,4);
Time 32
Waiting:
Average Waiting Time:0
Server 1:(49,17,2);(24,18,3);(29,18,2);(1,20,4);(18,21,4);(32,22,3);(42,22,2);(19,23,4);(28,23,3);(37,23,3);(47,23,3);(25,24,4);(7,25,2);(41,25,4);(48,26,2);(30,28,2);(44,28,3);(36,29,3);
Server 2:(20,18,3);(27,18,3);(15,19,3);(5,21,4);(34,21,2);(4,23,2);(21,23,3);(35,23,2);(39,23,2);(50,23,2);(23,24,3);(13,25,3);(11,26,4);(40,27,2);(31,28,4);(17,29,2);(43,29,4);(16,30,4);
Time 33
Waiting:
Average Waiting Time:0
Server 1:(49,17,1);(24,18,3);(29,18,2);(1,20,4);(18,21,4);(32,22,3);(42,22,2);(19,23,4);(28,23,3);(37,23,3);(47,23,3);(25,24,4);(7,25,2);(41,25,4);(48,26,2);(30,28,2);(44,28,3);(36,29,3);
Server 2:(20,18,2);(27,18,3);(15,19,3);(5,21,4);(34,21,2);(4,23,2);(21,23,3);(35,23,2);(39,23,2);(50,23,2);(23,24,3);(13,25,3);(11,26,4);(40,27,2);(31,28,4);(17,29,2);(43,29,4);(16,30,4);
Time 34
Waiting:
Average Waiting Time:0
Server 1:(24,18,3);(29,18,2);(1,20,4);(18,21,4);(32,22,3);(42,22,2);(19,23,4);(28,23,3);(37,23,3);(47,23,3);(25,24,4);(7,25,2);(41,25,4);(48,26,2);(30,28,2);(44,28,3);(36,29,3);
Server 2:(20,18,1);(27,18,3);(15,19,3);(5,21,4);(34,21,2);(4,23,2);(21,23,3);(35,23,2);(39,23,2);(50,23,2);(23,24,3);(13,25,3);(11,26,4);(40,27,2);(31,28,4);(17,29,2);(43,29,4);(16,30,4);
Time 35
Waiting:
Average Waiting Time:0
Server 1:(24,18,2);(29,18,2);(1,20,4);(18,21,4);(32,22,3);(42,22,2);(19,23,4);(28,23,3);(37,23,3);(47,23,3);(25,24,4);(7,25,2);(41,25,4);(48,26,2);(30,28,2);(44,28,3);(36,29,3);
Server 2:(27,18,3);(15,19,3);(5,21,4);(34,21,2);(4,23,2);(21,23,3);(35,23,2);(39,23,2);(50,23,2);(23,24,3);(13,25,3);(11,26,4);(40,27,2);(31,28,4);(17,29,2);(43,29,4);(16,30,4);
Time 36
Waiting:
Average Waiting Time:0
Server 1:(24,18,1);(29,18,2);(1,20,4);(18,21,4);(32,22,3);(42,22,2);(19,23,4);(28,23,3);(37,23,3);(47,23,3);(25,24,4);(7,25,2);(41,25,4);(48,26,2);(30,28,2);(44,28,3);(36,29,3);
Server 2:(27,18,2);(15,19,3);(5,21,4);(34,21,2);(4,23,2);(21,23,3);(35,23,2);(39,23,2);(50,23,2);(23,24,3);(13,25,3);(11,26,4);(40,27,2);(31,28,4);(17,29,2);(43,29,4);(16,30,4);
Time 37
Waiting:
Average Waiting Time:0
Server 1:(29,18,2);(1,20,4);(18,21,4);(32,22,3);(42,22,2);(19,23,4);(28,23,3);(37,23,3);(47,23,3);(25,24,4);(7,25,2);(41,25,4);(48,26,2);(30,28,2);(44,28,3);(36,29,3);
Server 2:(27,18,1);(15,19,3);(5,21,4);(34,21,2);(4,23,2);(21,23,3);(35,23,2);(39,23,2);(50,23,2);(23,24,3);(13,25,3);(11,26,4);(40,27,2);(31,28,4);(17,29,2);(43,29,4);(16,30,4);
Time 38
Waiting:
Average Waiting Time:0
Server 1:(29,18,1);(1,20,4);(18,21,4);(32,22,3);(42,22,2);(19,23,4);(28,23,3);(37,23,3);(47,23,3);(25,24,4);(7,25,2);(41,25,4);(48,26,2);(30,28,2);(44,28,3);(36,29,3);
Server 2:(15,19,3);(5,21,4);(34,21,2);(4,23,2);(21,23,3);(35,23,2);(39,23,2);(50,23,2);(23,24,3);(13,25,3);(11,26,4);(40,27,2);(31,28,4);(17,29,2);(43,29,4);(16,30,4);
Time 39
Waiting:
Average Waiting Time:0
Server 1:(1,20,4);(18,21,4);(32,22,3);(42,22,2);(19,23,4);(28,23,3);(37,23,3);(47,23,3);(25,24,4);(7,25,2);(41,25,4);(48,26,2);(30,28,2);(44,28,3);(36,29,3);
Server 2:(15,19,2);(5,21,4);(34,21,2);(4,23,2);(21,23,3);(35,23,2);(39,23,2);(50,23,2);(23,24,3);(13,25,3);(11,26,4);(40,27,2);(31,28,4);(17,29,2);(43,29,4);(16,30,4);
Time 40
Waiting:
Average Waiting Time:0
Server 1:(1,20,3);(18,21,4);(32,22,3);(42,22,2);(19,23,4);(28,23,3);(37,23,3);(47,23,3);(25,24,4);(7,25,2);(41,25,4);(48,26,2);(30,28,2);(44,28,3);(36,29,3);
Server 2:(15,19,1);(5,21,4);(34,21,2);(4,23,2);(21,23,3);(35,23,2);(39,23,2);(50,23,2);(23,24,3);(13,25,3);(11,26,4);(40,27,2);(31,28,4);(17,29,2);(43,29,4);(16,30,4);
Time 41
Waiting:
Average Waiting Time:0
Server 1:(1,20,2);(18,21,4);(32,22,3);(42,22,2);(19,23,4);(28,23,3);(37,23,3);(47,23,3);(25,24,4);(7,25,2);(41,25,4);(48,26,2);(30,28,2);(44,28,3);(36,29,3);
Server 2:(5,21,4);(34,21,2);(4,23,2);(21,23,3);(35,23,2);(39,23,2);(50,23,2);(23,24,3);(13,25,3);(11,26,4);(40,27,2);(31,28,4);(17,29,2);(43,29,4);(16,30,4);
Time 42
Waiting:
Average Waiting Time:0
Server 1:(1,20,1);(18,21,4);(32,22,3);(42,22,2);(19,23,4);(28,23,3);(37,23,3);(47,23,3);(25,24,4);(7,25,2);(41,25,4);(48,26,2);(30,28,2);(44,28,3);(36,29,3);
Server 2:(5,21,3);(34,21,2);(4,23,2);(21,23,3);(35,23,2);(39,23,2);(50,23,2);(23,24,3);(13,25,3);(11,26,4);(40,27,2);(31,28,4);(17,29,2);(43,29,4);(16,30,4);
Time 43
Waiting:
Average Waiting Time:0
Server 1:(18,21,4);(32,22,3);(42,22,2);(19,23,4);(28,23,3);(37,23,3);(47,23,3);(25,24,4);(7,25,2);(41,25,4);(48,26,2);(30,28,2);(44,28,3);(36,29,3);
Server 2:(5,21,2);(34,21,2);(4,23,2);(21,23,3);(35,23,2);(39,23,2);(50,23,2);(23,24,3);(13,25,3);(11,26,4);(40,27,2);(31,28,4);(17,29,2);(43,29,4);(16,30,4);
Time 44
Waiting:
Average Waiting Time:0
Server 1:(18,21,3);(32,22,3);(42,22,2);(19,23,4);(28,23,3);(37,23,3);(47,23,3);(25,24,4);(7,25,2);(41,25,4);(48,26,2);(30,28,2);(44,28,3);(36,29,3);
Server 2:(5,21,1);(34,21,2);(4,23,2);(21,23,3);(35,23,2);(39,23,2);(50,23,2);(23,24,3);(13,25,3);(11,26,4);(40,27,2);(31,28,4);(17,29,2);(43,29,4);(16,30,4);
Time 45
Waiting:
Average Waiting Time:0
Server 1:(18,21,2);(32,22,3);(42,22,2);(19,23,4);(28,23,3);(37,23,3);(47,23,3);(25,24,4);(7,25,2);(41,25,4);(48,26,2);(30,28,2);(44,28,3);(36,29,3);
Server 2:(34,21,2);(4,23,2);(21,23,3);(35,23,2);(39,23,2);(50,23,2);(23,24,3);(13,25,3);(11,26,4);(40,27,2);(31,28,4);(17,29,2);(43,29,4);(16,30,4);
Time 46
Waiting:
Average Waiting Time:0
Server 1:(18,21,1);(32,22,3);(42,22,2);(19,23,4);(28,23,3);(37,23,3);(47,23,3);(25,24,4);(7,25,2);(41,25,4);(48,26,2);(30,28,2);(44,28,3);(36,29,3);
Server 2:(34,21,1);(4,23,2);(21,23,3);(35,23,2);(39,23,2);(50,23,2);(23,24,3);(13,25,3);(11,26,4);(40,27,2);(31,28,4);(17,29,2);(43,29,4);(16,30,4);
Time 47
Waiting:
Average Waiting Time:0
Server 1:(32,22,3);(42,22,2);(19,23,4);(28,23,3);(37,23,3);(47,23,3);(25,24,4);(7,25,2);(41,25,4);(48,26,2);(30,28,2);(44,28,3);(36,29,3);
Server 2:(4,23,2);(21,23,3);(35,23,2);(39,23,2);(50,23,2);(23,24,3);(13,25,3);(11,26,4);(40,27,2);(31,28,4);(17,29,2);(43,29,4);(16,30,4);
Time 48
Waiting:
Average Waiting Time:0
Server 1:(32,22,2);(42,22,2);(19,23,4);(28,23,3);(37,23,3);(47,23,3);(25,24,4);(7,25,2);(41,25,4);(48,26,2);(30,28,2);(44,28,3);(36,29,3);
Server 2:(4,23,1);(21,23,3);(35,23,2);(39,23,2);(50,23,2);(23,24,3);(13,25,3);(11,26,4);(40,27,2);(31,28,4);(17,29,2);(43,29,4);(16,30,4);
Time 49
Waiting:
Average Waiting Time:0
Server 1:(32,22,1);(42,22,2);(19,23,4);(28,23,3);(37,23,3);(47,23,3);(25,24,4);(7,25,2);(41,25,4);(48,26,2);(30,28,2);(44,28,3);(36,29,3);
Server 2:(21,23,3);(35,23,2);(39,23,2);(50,23,2);(23,24,3);(13,25,3);(11,26,4);(40,27,2);(31,28,4);(17,29,2);(43,29,4);(16,30,4);
Time 50
Waiting:
Average Waiting Time:0
Server 1:(42,22,2);(19,23,4);(28,23,3);(37,23,3);(47,23,3);(25,24,4);(7,25,2);(41,25,4);(48,26,2);(30,28,2);(44,28,3);(36,29,3);
Server 2:(21,23,2);(35,23,2);(39,23,2);(50,23,2);(23,24,3);(13,25,3);(11,26,4);(40,27,2);(31,28,4);(17,29,2);(43,29,4);(16,30,4);
Time 51
Waiting:
Average Waiting Time:0
Server 1:(42,22,1);(19,23,4);(28,23,3);(37,23,3);(47,23,3);(25,24,4);(7,25,2);(41,25,4);(48,26,2);(30,28,2);(44,28,3);(36,29,3);
Server 2:(21,23,1);(35,23,2);(39,23,2);(50,23,2);(23,24,3);(13,25,3);(11,26,4);(40,27,2);(31,28,4);(17,29,2);(43,29,4);(16,30,4);
Time 52
Waiting:
Average Waiting Time:0
Server 1:(19,23,4);(28,23,3);(37,23,3);(47,23,3);(25,24,4);(7,25,2);(41,25,4);(48,26,2);(30,28,2);(44,28,3);(36,29,3);
Server 2:(35,23,2);(39,23,2);(50,23,2);(23,24,3);(13,25,3);(11,26,4);(40,27,2);(31,28,4);(17,29,2);(43,29,4);(16,30,4);
Time 53
Waiting:
Average Waiting Time:0
Server 1:(19,23,3);(28,23,3);(37,23,3);(47,23,3);(25,24,4);(7,25,2);(41,25,4);(48,26,2);(30,28,2);(44,28,3);(36,29,3);
Server 2:(35,23,1);(39,23,2);(50,23,2);(23,24,3);(13,25,3);(11,26,4);(40,27,2);(31,28,4);(17,29,2);(43,29,4);(16,30,4);
Time 54
Waiting:
Average Waiting Time:0
Server 1:(19,23,2);(28,23,3);(37,23,3);(47,23,3);(25,24,4);(7,25,2);(41,25,4);(48,26,2);(30,28,2);(44,28,3);(36,29,3);
Server 2:(39,23,2);(50,23,2);(23,24,3);(13,25,3);(11,26,4);(40,27,2);(31,28,4);(17,29,2);(43,29,4);(16,30,4);
Time 55
Waiting:
Average Waiting Time:0
Server 1:(19,23,1);(28,23,3);(37,23,3);(47,23,3);(25,24,4);(7,25,2);(41,25,4);(48,26,2);(30,28,2);(44,28,3);(36,29,3);
Server 2:(39,23,1);(50,23,2);(23,24,3);(13,25,3);(11,26,4);(40,27,2);(31,28,4);(17,29,2);(43,29,4);(16,30,4);
Time 56
Waiting:
Average Waiting Time:0
Server 1:(28,23,3);(37,23,3);(47,23,3);(25,24,4);(7,25,2);(41,25,4);(48,26,2);(30,28,2);(44,28,3);(36,29,3);
Server 2:(50,23,2);(23,24,3);(13,25,3);(11,26,4);(40,27,2);(31,28,4);(17,29,2);(43,29,4);(16,30,4);
Time 57
Waiting:
Average Waiting Time:0
Server 1:(28,23,2);(37,23,3);(47,23,3);(25,24,4);(7,25,2);(41,25,4);(48,26,2);(30,28,2);(44,28,3);(36,29,3);
Server 2:(50,23,1);(23,24,3);(13,25,3);(11,26,4);(40,27,2);(31,28,4);(17,29,2);(43,29,4);(16,30,4);
Time 58
Waiting:
Average Waiting Time:0
Server 1:(28,23,1);(37,23,3);(47,23,3);(25,24,4);(7,25,2);(41,25,4);(48,26,2);(30,28,2);(44,28,3);(36,29,3);
Server 2:(23,24,3);(13,25,3);(11,26,4);(40,27,2);(31,28,4);(17,29,2);(43,29,4);(16,30,4);
Time 59
Waiting:
Average Waiting Time:0
Server 1:(37,23,3);(47,23,3);(25,24,4);(7,25,2);(41,25,4);(48,26,2);(30,28,2);(44,28,3);(36,29,3);
Server 2:(23,24,2);(13,25,3);(11,26,4);(40,27,2);(31,28,4);(17,29,2);(43,29,4);(16,30,4);
Peak Hour:29 (37 Clients)
Average Service Time:2.7359252
